-39892 -9859 4 1
 10130 10163 -1 -1
-49939 50212 5 -5
-29877 -29885 3 3
 -9900 -39894 1 4
-19858 40201 2 -4
 -9892 -19865 1 2
-29863 10163 3 -1
-29914 -49902 3 5
-19854 -29876 2 3
-49944 -39892 5 4
-49912 -39890 5 4
-39923 50207 4 -5
 50199 20174 -5 -2
 -9871 30182 1 -3
 40215 50206 -4 -5
-49944 30189 5 -3
 10140 -19865 -1 2
-49909 10168 5 -1
-39923 -19874 4 2
 50223 -9863 -5 1
-19892 -29880 2 3
-29894 -29881 3 3
 10149 20174 -1 -2
 -9876 20171 1 -2
 20144 -29880 -2 3
-39873 50206 4 -5
 -9848 20174 1 -2
-49915 -39894 5 4
 20186 -39896 -2 4
-39913 -29877 4 3
 30192 -49902 -3 5
 -9864 -9854 1 1
 -9863 30184 1 -3
-49887 -49898 5 5
-49909 -29876 5 3
 -9876 40199 1 -4
 20185 40196 -2 -4
 30203 20179 -3 -2
 50206 20170 -5 -2
 40157 10168 -4 -1
-29922 40200 3 -4
 10167 20172 -1 -2
 20141 10165 -2 -1
 -9851 10163 1 -1
 10163 50207 -1 -5
 -9900 20179 1 -2
 50211 10160 -5 -1
 50200 -19870 -5 2
-19863 -39887 2 4
 40203 -29878 -4 3
 20145 -49903 -2 5
 10162 -9856 -1 1
 10138 30189 -1 -3
 30189 -9859 -3 1
 20170 40198 -2 -4
 20183 -49907 -2 5
 20184 -39892 -2 4
 30157 20172 -3 -2
-49936 10168 5 -1
 40200 -9859 -4 1
 50190 -9862 -5 1
-29894 20170 3 -2
 20178 20171 -2 -2
-49928 30184 5 -3
 40188 10163 -4 -1
 40171 -49904 -4 5
-39925 -49905 4 5
 20170 -9857 -2 1
-49896 20175 5 -2
 10162 10161 -1 -1
 30202 50208 -3 -5
 20137 10168 -2 -1
 -9860 50209 1 -5
 50193 -39896 -5 4
-19902 20170 2 -2
 10170 50209 -1 -5
 40174 40197 -4 -4
 -9839 -49906 1 5
-49893 -49907 5 5
 30177 40201 -3 -4
 -9841 -39892 1 4
 40192 10166 -4 -1
 40214 -19865 -4 2
 30160 30182 -3 -3
 30160 40200 -3 -4
 40191 30181 -4 -3
 10154 50207 -1 -5
-29877 -49902 3 5
-39909 30184 4 -3
-39872 30183 4 -3
 40208 40192 -4 -4
-29922 -9856 3 1
 20150 -9863 -2 1
-49920 20175 5 -2
 40214 -19874 -4 2
-49904 -49898 5 5
 30144 -9863 -3 1
 30204 30181 -3 -3
 30189 -9863 -3 1
-49944 -49900 5 5
 30145 20179 -3 -2
 40182 -49903 -4 5
 40180 -29885 -4 3
 30152 10167 -3 -1
-29909 -39887 3 4
 50178 20177 -5 -2
 -9868 20171 1 -2
-19895 20177 2 -2
 50214 -9862 -5 1
-29906 -39893 3 4
 10183 40194 -1 -4
 20149 -49903 -2 5
 10180 -19874 -1 2
 30168 -19866 -3 2
-39891 -39892 4 4
 20161 -49907 -2 5
 40192 -19869 -4 2
-49944 -39890 5 4
 -9888 30181 1 -3
-39896 -19873 4 2
-39916 -29885 4 3
 50178 -49901 -5 5
 10138 -19870 -1 2
 40205 -29881 -4 3
-19853 -9858 2 1
-19899 -29885 2 3
-49923 20176 5 -2
 40206 40201 -4 -4
-39875 -49898 4 5
-29910 50207 3 -5
 10174 -39896 -1 4
 30156 30188 -3 -3
 40211 30190 -4 -3
 -9848 40201 1 -4
 30189 -19872 -3 2
 -9876 -39887 1 4
 10130 -49900 -1 5
 30194 -9859 -3 1
-39920 20173 4 -2
 40176 10167 -4 -1
 50222 -9855 -5 1
-49923 -29884 5 3
 40172 30190 -4 -3
-39885 -29882 4 3
 20141 -19870 -2 2
-49884 -29885 5 3
-49923 20178 5 -2
 40181 20174 -4 -2
 -9852 -9862 1 1
 10165 -39892 -1 4
 -9852 -19874 1 2
 50214 -29880 -5 3
 40188 40201 -4 -4
 -9852 40198 1 -4
-29894 -39892 3 4
 50199 10159 -5 -1
 40200 50209 -4 -5
 30189 -49906 -3 5
 20141 -19869 -2 2
-49912 10165 5 -1
 30176 -19865 -3 2
 30157 10161 -3 -1
 40168 10167 -4 -1
 40215 20173 -4 -2
 10150 -49903 -1 5
-49944 30189 5 -3
 50226 40201 -5 -4
-19911 -9862 2 1
 20146 -39888 -2 4
 -9868 -29876 1 3
 -9879 40201 1 -4
-19854 -9863 2 1
 40195 30186 -4 -3
 40195 -9856 -4 1
 10131 -39892 -1 4
 -9880 30186 1 -3
 -9884 30187 1 -3
 20170 30182 -2 -3
-39922 20170 4 -2
-39907 -29885 4 3
 20150 -9854 -2 1
 40200 -39888 -4 4
 20149 -9856 -2 1
 30168 50209 -3 -5
-39874 10159 4 -1
 50174 -29884 -5 3
-49944 -9862 5 1
 20141 -49901 -2 5
 10155 50203 -1 -5
-29881 40196 3 -4
-19854 20170 2 -2
 -9895 -49898 1 5
 40200 10166 -4 -1
 20157 50205 -2 -5
-19876 -39887 2 4
-49904 20178 5 -2
-29922 -19871 3 2
 50214 30181 -5 -3
 40173 40192 -4 -4
 40211 -29876 -4 3
-19860 10163 2 -1
 30197 40192 -3 -4
 40200 -49898 -4 5
-19852 -39896 2 4
-29874 10167 3 -1
-39889 10163 4 -1
-49899 -19871 5 2
 50190 10159 -5 -1
 30205 10168 -3 -1
-39889 -39892 4 4
-39874 30190 4 -3
 20176 -19870 -2 2
-39888 50203 4 -5
-29898 -39895 3 4
 -9849 -49907 1 5
 -9864 -49903 1 5
 50174 10163 -5 -1
 40166 -49902 -4 5
 -9879 10166 1 -1
 30152 -9855 -3 1
 40187 -49907 -4 5
 30171 -29881 -3 3
-19900 20175 2 -2
-29906 -9857 3 1
 40171 -19870 -4 2
 50201 -29885 -5 3
-49944 30182 5 -3
-49883 -9862 5 1
 50174 50206 -5 -5
-29877 -19867 3 2
 50190 -19870 -5 2
 -9871 30184 1 -3
 -9897 -39887 1 4
-19869 -9859 2 1
 40174 30190 -4 -3
 10126 40201 -1 -4
-49886 20170 5 -2
-39884 -19865 4 2
 10135 -29882 -1 3
 50202 10168 -5 -1
 40155 30186 -4 -3
 40181 40192 -4 -4
 -9860 40201 1 -4
 30178 20179 -3 -2
 10173 50207 -1 -5
 40187 -49900 -4 5
 10170 20172 -1 -2
 -9892 -19874 1 2
-19907 -39887 2 4
 30184 10168 -3 -1
 30181 50209 -3 -5
 20145 -39892 -2 4
-19882 30183 2 -3
 -9863 -9855 1 1
 50191 40196 -5 -4
-39888 -49902 4 5
-39933 -29885 4 3
-39920 -19871 4 2
 10178 -39889 -1 4
-29874 30190 3 -3
-19853 -19869 2 2
 20170 -49900 -2 5
-29889 10163 3 -1
-29906 20178 3 -2
 40179 50207 -4 -5
-49888 -19865 5 2
-29874 -49901 3 5
-49904 -39892 5 4
 50185 40201 -5 -4
-19863 -49900 2 5
 40180 20170 -4 -2
 -9884 40194 1 -4
 30168 -9858 -3 1
 30164 -9863 -3 1
-49936 10159 5 -1
-49904 -19871 5 2
 30165 30189 -3 -3
-49888 20170 5 -2
 20169 50207 -2 -5
 50177 40196 -5 -4
-19911 -19871 2 2
 30204 40192 -3 -4
-19871 -19870 2 2
 -9884 40197 1 -4
 40187 50206 -4 -5
 40179 40192 -4 -4
 20133 -29885 -2 3
 40192 10166 -4 -1
-39915 -9854 4 1
 50175 -49903 -5 5
-29874 20177 3 -2
-19863 -9859 2 1
-49912 -9861 5 1
-49912 -39893 5 4
 10174 -49903 -1 5
-39875 10168 4 -1
 -9864 -39887 1 4
-39884 30181 4 -3
-19895 10161 2 -1
-29890 40200 3 -4
 40168 -19866 -4 2
-19882 10160 2 -1
 30155 -29885 -3 3
 20157 40197 -2 -4
-19892 -39891 2 4
 50185 -19874 -5 2
 40184 -29883 -4 3
 40205 -29876 -4 3
 20133 10163 -2 -1
 10143 -49906 -1 5
-29861 -39896 3 4
 20170 20172 -2 -2
 30184 -39896 -3 4
-19903 40194 2 -4
 10147 -19870 -1 2
 10138 10166 -1 -1
 30193 30181 -3 -3
-39875 -39896 4 4
 10170 -19871 -1 2
-39888 20178 4 -2
 40155 40197 -4 -4
-19886 -49903 2 5
-49932 -49901 5 5
 20145 40192 -2 -4
 50206 -49906 -5 5
 30201 -29879 -3 3
 10135 -39895 -1 4
-29890 -19872 3 2
-29901 -19869 3 2
 -9879 -9857 1 1
 50190 -19871 -5 2
 10170 -29885 -1 3
 40192 -39895 -4 4
-19879 10164 2 -1
-19898 -19865 2 2
-49910 -9863 5 1
 40200 10165 -4 -1
 50206 10166 -5 -1
-19863 -19872 2 2
 40192 -49905 -4 5
 50201 30185 -5 -3
-49910 -39892 5 4
 30195 -19865 -3 2
 20189 -29878 -2 3
-39922 20170 4 -2
 -9856 -19870 1 2
-49883 30181 5 -3
-29877 10163 3 -1
 30192 20171 -3 -2
 20191 -29876 -2 3
 40192 50206 -4 -5
-49891 -29876 5 3
 50174 -9857 -5 1
-49904 -9862 5 1
 -9860 -9862 1 1